discounts = [442.8,442.8
1359.6912,1446.48
2417.105472,2735.5200000000004
3326.38924992,4004.8800000000006
4025.666557593599,5156.16
4520.731353340415,6159.84
4846.859512952002,7025.760000000001
5053.767465269616,7793.280000000001
5164.414343865291,8472.24
5085.718506244486,8875.68
5061.473950172589,9397.2
4991.938308050845,9859.68
4889.1103572742295,10272.960000000001
4763.042492506201,10646.880000000001
4675.881456136863,11119.2
4566.474105959643,11552.160000000002
4402.17439025629,11847.36
4234.277506534888,12122.880000000001
4064.219023561392,12378.720000000001
3820.3658821477084,12378.720000000001
3591.143929218845,12378.720000000001
3375.6752934657143,12378.720000000001
3173.1347758577713,12378.720000000001
2982.746689306305,12378.720000000001
2803.7818879479264,12378.720000000001
2635.554974671051,12378.720000000001
2477.4216761907874,12378.720000000001
2328.77637561934,12378.720000000001
2189.04979308218,12378.720000000001
2057.7068054972488,12378.720000000001
1934.2443971674138,12378.720000000001
1818.1897333373688,12378.720000000001
1709.0983493371266,12378.720000000001
1606.552448376899,12378.720000000001
1510.1593014742848,12378.720000000001
1419.5497433858277,12378.720000000001
1334.376758782678,12378.720000000001
1254.3141532557172,12378.720000000001
1179.055304060374,12378.720000000001
1108.3119858167515,12378.720000000001
1041.8132666677463,12378.720000000001
979.3044706676816,12378.720000000001
920.5462024276206,12378.720000000001
865.3134302819633,12378.720000000001
813.3946244650456,12378.720000000001
764.5909469971427,12378.720000000001
718.7154901773141,12378.720000000001
675.5925607666752,12378.720000000001
635.0570071206747,12378.720000000001
596.9535866934342,12378.720000000001
561.1363714918281,12378.720000000001
527.4681892023184,12378.720000000001
495.8200978501792,12378.720000000001
466.07089197916844,12378.720000000001
438.1066384604183,12378.720000000001
411.82024015279325,12378.720000000001
387.11102574362565,12378.720000000001
363.884364199008,12378.720000000001
342.0513023470676,12378.720000000001
321.52822420624346,12378.720000000001
302.23653075386886,12378.720000000001
284.1023389086367,12378.720000000001
267.05619857411847,12378.720000000001
251.03282665967137,12378.720000000001
235.97085706009105,12378.720000000001
221.81260563648559,12378.720000000001
208.50384929829644,12378.720000000001
195.99361834039863,12378.720000000001
184.23400123997473,12378.720000000001
173.17996116557623,12378.720000000001
162.78916349564165,12378.720000000001
153.02181368590314,12378.720000000001
143.84050486474894,12378.720000000001
135.210074572864,12378.720000000001
127.09747009849215,12378.720000000001
119.47162189258262,12378.720000000001
112.30332457902766,12378.720000000001
105.565125104286,12378.720000000001
99.23121759802882,12378.720000000001];
